   0
   2
   3
   5
   6
  15
  22
  23
  24
  25
  26
  28
  29
  30
  31
  32
  33
  34
  35
  36
  37
  38
  39
  40
  41
  42
  43
  44
  45
  46
  47
  48
  50
  51
  53
  54
  60
  63
  94
 110
 112
 113
 114
 115
 117
 120
 121
 122
 123
 124
 125
 126
 127
 130
 131
 133
 134
 135
 136
 140
 142
 144
 145
 152
 153
 155
 161
 163
 164
 165
 167
 168
 174
 177
 179
 186
 189
 192
 200
 204
 210
 214
 216
 218
 220
 227
 241
 242
 298
 303
 305
 307
 309
 310
 312
 315
 322
 328
 329
 347
 349
 351
 353
 355
 363
 364
 365
 370
 389
 411
 430
 434
 436
 444
 451
 453
 454
 455
 456
 457
 458
 459
 462
 464
 466
 469
 470
 472
 475
 476
 477
 478
 481
 482
 486
 487
 488
 489
 492
 493
 495
 496
 498
 501
 502
 504
 525
 526
 539
 540
 546
 549
 550
 552
 553
 554
 556
 557
 558
 561
 563
 564
 565
 566
 567
 569
 570
 572
 574
 577
 578
 579
 581
 582
 584
 585
 588
 589
 590
 591
 593
 600
 612
 618
 620
 625
 626
 634
 635
 636
 637
 638
 639
 641
 643
 647
 649
 650
 651
 652
 654
 657
 661
 666
 667
 668
 669
 674
 678
 684
 696
 698
 703
 704
 710
 765
 770
 771
 773
 791
 792
 802
 850
 854
 855
 857
 858
 860
 861
 862
 864
 865
 867
 868
 869
 870
 871
 872
 873
 876
 877
 897
 909
 910
 911
 918
 919
 920
 921
 922
 923
 925
 926
 927
 932
 934
 935
 936
 937
 944
 946
 952
 961
 962
 963
 964
 966
 967
 971
 972
 974
 976
 979
 980
 981
 982
 983
 984
 985
 987
 989
 990
 992
 994
 995
 996
 998
 999
1000
1003
1006
1007
1008
1009
1010
1011
1014
1018
1023
1024
1025
1035
1038
1040
1042
1044
1045
1046
1047
1057
1058
1065
1079
1080
1082
1084
1087
1091
1093
1103
1105
1106
1107
1108
1109
1110
1111
1112
1116
1119
1120
1121
1123
1124
1126
1127
1128
1129
1135
1136
1143
1144
1151
1152
1154
1156
1157
1158
1159
1160
1167
1172
1174
1176
1177
1178
1180
1181
1183
1185
1187
1189
1196
1198
1199
1200
1205
1206
1207
1209
1211
1212
1213
1215
1216
1219
1221
1224
1225
1226
1229
1230
1231
1242
1244
1248
1249
1250
1251
1252
1253
1255
1256
1257
1260
1261
1262
1264
1265
1267
1269
1271
1273
1274
1276
1277
1279
1280
1281
1284
1285
1287
1288
1289
1293
1295
1299
1304
1305
1308
1309
1315
1320
1321
1322
1323
1324
1325
1346
1347
1349
1350
1352
1353
1354
1356
1358
1359
1360
1379
1381
1410
1415
1416
1417
1418
1419
1420
1422
1425
1426
1428
1431
1434
1435
1436
1437
1439
1440
1442
1446
1449
1450
1451
1452
1453
1454
1455
1456
1457
1459
1462
1465
1466
1467
1471
1479
1486
1489
1491
1494
1496
1497
1503
1504
1506
1512
1515
1517
1521
1522
1523
1524
1529
1531
1532
1533
1534
1538
1540
1542
1545
1547
1549
1550
1552
1555
1556
1559
1562
1563
1565
1567
1568
1572
1577
1581
1582
1590
1592
1593
1596
1598
1604
1606
1619
1622
1627
1634
1639
1640
1645
1646
1655
1657
1660
1662
1666
1667
1671
1674
1676
1677
1680
1681
1682
1685
1688
1691
1693
1695
1701
1702
1706
1708
1719
1721
1733
1741
1746
1751
1752
1754
1760
1764
1774
1778
1779
1787
1790
1795
1798
1800
1801
1802
1803
1809
1813
1814
1823
1825
1830
1832
1833
1835
1836
1837
1838
1839
1843
1846
1862
1863
1868
1876
1881
1900
1902
1904
1906
1908
1910
1914
1916
1917
1920
1922
1923
1925
1929
1930
1935
1941
1942
1943
1944
1946
1951
1958
1963
1964
1969
1970
1980
1981
1984
1985
1995
1996
1997
2001
2018
2024
2025
2026
2031
2045
2047
2052
2059
2072
2075
2088
2105
2110
2115
2118
2120
2131
2134
2150
2159
2181
2200
2206
2214
2215
2227
2235