  0
  1
  2
  4
  6
  7
  8
  9
 10
 11
 12
 13
 14
 15
 16
 18
 19
 20
 21
 22
 23
 25
 26
 27
 28
 29
 30
 31
 32
 33
 34
 37
 38
 39
 40
 41
 42
 43
 45
 46
 48
 49
 51
 55
 56
 57
 58
 61
 62
 65
 66
 67
 68
 70
 72
 74
 78
 79
 81
 82
 88
 91
 92
 93
 94
 95
 96
 98
 99
100
102
103
104
105
109
110
111
112
113
115
116
117
118
120
121
122
123
125
126
128
132
133
134
135
136
137
139
140
143
146
148
151
153
154
155
156
157
158
159
160
161
162
163
164
165
166
167
168
170
171
172
173
174
175
176
178
180
183
188
190
192
193
194
197
198
201
203
205
206
209
210
212
213
214
216
217
224
225
226
227
229
230
232
234
238
240
241
242
245
246
247
250
251
252
255
257
258
260
261
262
266
267
268
269
270
272
274
277
278
280
282
283
285
286
289
290
291
293
294
298
299
301
304
305
306
307
311
315
317
318
321
322
323
324
325
326
327
329
330
332
333
335
336
337
339
340
341
344
345
346
348
349
353
354
355
356
358
359
363
367
370
371
373
375
376
377
382
383
385
386
388
391
392
398
400
403
404
409
410
411
414
417
420
423
425
427
428
430
433
434
435
437
439
441
443
445
446
447
448
449
451
452
453
459
461
462
468
469
470
480
482
483
484
485
488
491
501
505
507
513
519
527
529
532
534
542
544
546
549
551
553
554
556
567
578
582
587
588
596
612
614
619
620
621
622
625
629
631
643
646
647
649
651